l2,percep,p-norm,item
0.01736568845808506,0.27668625116348267,5283.8232421875,5284.1171875
0.015783166512846947,0.2500782012939453,5154.44970703125,5154.71533203125
0.014634376391768456,0.23231269419193268,5033.60546875,5033.8525390625
0.013715744018554688,0.2175704836845398,4920.46728515625,4920.69873046875
0.013018837198615074,0.21036343276500702,4815.0068359375,4815.22998046875
0.012569825164973736,0.2045167237520218,4717.236328125,4717.45361328125
0.012308463454246521,0.19858090579509735,4626.77685546875,4626.98779296875
0.011912189424037933,0.19233544170856476,4543.46044921875,4543.66455078125
0.011556368321180344,0.18678107857704163,4466.80224609375,4467.00048828125
0.011281397193670273,0.1820635348558426,4396.32373046875,4396.51708984375
0.010920899920165539,0.17848433554172516,4331.34033203125,4331.52978515625
0.010643772780895233,0.17453673481941223,4271.2119140625,4271.39697265625
0.010314044542610645,0.17196042835712433,4215.31201171875,4215.494140625
0.010152206756174564,0.167622908949852,4162.94873046875,4163.12646484375
0.009884974919259548,0.16478805243968964,4113.77490234375,4113.94970703125
0.009716469794511795,0.16093510389328003,4067.2841796875,4067.454833984375
0.009466912597417831,0.15681156516075134,4023.225830078125,4023.39208984375
0.009217283688485622,0.15482576191425323,3981.41552734375,3981.57958984375
0.009126484394073486,0.1528628170490265,3941.685546875,3941.84765625
0.00891912542283535,0.15108059346675873,3903.90771484375,3904.067626953125
0.008860351517796516,0.14954201877117157,3867.8388671875,3867.997314453125
0.00866340659558773,0.14589911699295044,3833.347412109375,3833.501953125
0.008475495502352715,0.14513225853443146,3800.499755859375,3800.6533203125
0.00832363311201334,0.1430741399526596,3769.218505859375,3769.369873046875
0.008256563916802406,0.14087969064712524,3739.409423828125,3739.55859375
0.008161718025803566,0.13918505609035492,3711.0390625,3711.1865234375
0.008032034151256084,0.1352987140417099,3684.015869140625,3684.1591796875
0.007888956926763058,0.13495369255542755,3658.176025390625,3658.31884765625
0.007847128435969353,0.13438789546489716,3633.4423828125,3633.584716796875
0.007792869117110968,0.13337142765522003,3609.73486328125,3609.8759765625
0.007619321346282959,0.1294359266757965,3586.990478515625,3587.12744140625
0.007549199741333723,0.13001267611980438,3565.150146484375,3565.28759765625
0.0074799638241529465,0.1289813220500946,3544.16552734375,3544.302001953125
0.007322398480027914,0.12609338760375977,3524.039306640625,3524.172607421875
0.007334414403885603,0.12394315004348755,3504.717529296875,3504.848876953125
0.0072528161108493805,0.1244094967842102,3486.18017578125,3486.311767578125
0.007198820821940899,0.12344599515199661,3468.42333984375,3468.553955078125
0.0071715498343110085,0.12282583862543106,3451.447509765625,3451.577392578125
0.007064558565616608,0.12144400179386139,3435.24853515625,3435.376953125
0.006892994046211243,0.12036469578742981,3419.8388671875,3419.966064453125
0.006861995439976454,0.12071342021226883,3405.2236328125,3405.351318359375
0.0068197171203792095,0.11791332811117172,3391.42822265625,3391.552978515625
0.0067235915921628475,0.11689774692058563,3378.4423828125,3378.56591796875
0.0065712956711649895,0.11632448434829712,3366.24755859375,3366.370361328125
0.006470982916653156,0.11573447287082672,3354.83544921875,3354.957763671875
0.006416085176169872,0.11525904387235641,3344.207275390625,3344.328857421875
0.006286976393312216,0.11363964527845383,3334.2890625,3334.408935546875
0.006279464811086655,0.1127600222826004,3325.048095703125,3325.167236328125
0.006211321800947189,0.11172578483819962,3316.448486328125,3316.56640625
0.006214433815330267,0.11094023287296295,3308.4482421875,3308.5654296875
0.006151687353849411,0.10975631326436996,3301.004150390625,3301.1201171875
0.00610706489533186,0.10939650237560272,3294.0712890625,3294.186767578125
0.0060541462153196335,0.10908017307519913,3287.609619140625,3287.724853515625
0.005946634337306023,0.10684617608785629,3281.58544921875,3281.6982421875
0.005951875355094671,0.10662364959716797,3275.961669921875,3276.07421875
0.005923199467360973,0.10615627467632294,3270.71728515625,3270.829345703125
0.005861503072082996,0.10469719022512436,3265.8408203125,3265.951416015625
0.0058808280155062675,0.1055355966091156,3261.3056640625,3261.4169921875
0.00575666269287467,0.10626233369112015,3257.095458984375,3257.20751953125
0.005751354619860649,0.10431205481290817,3253.1923828125,3253.302490234375
0.005678707733750343,0.10188020020723343,3249.576904296875,3249.6845703125
0.005614633671939373,0.10228279232978821,3246.23486328125,3246.3427734375
0.005490356590598822,0.10138727724552155,3243.150634765625,3243.257568359375
0.005509310867637396,0.10121302306652069,3240.3056640625,3240.412353515625
0.00545317679643631,0.09978265315294266,3237.68359375,3237.788818359375
0.0054212091490626335,0.09916780889034271,3235.267333984375,3235.371826171875
0.005383112467825413,0.09836222231388092,3233.03955078125,3233.143310546875
0.005311294458806515,0.09792312979698181,3230.985107421875,3231.08837890625
0.0053461045026779175,0.09830082952976227,3229.09130859375,3229.195068359375
0.005258491262793541,0.09784498810768127,3227.34716796875,3227.4501953125
0.005201408173888922,0.09671275317668915,3225.740478515625,3225.84228515625
0.005170581396669149,0.09715922921895981,3224.26123046875,3224.363525390625
0.005160517990589142,0.0959518775343895,3222.901123046875,3223.002197265625
0.005044118035584688,0.09552032500505447,3221.651611328125,3221.752197265625
0.005038104020059109,0.09458387643098831,3220.506103515625,3220.605712890625
0.00509624183177948,0.09613265097141266,3219.45556640625,3219.556884765625
0.005014588590711355,0.09389505535364151,3218.4931640625,3218.592041015625
0.005071868654340506,0.09526941180229187,3217.609375,3217.709716796875
0.00494305370375514,0.0948989987373352,3216.7978515625,3216.897705078125
0.004958747886121273,0.09265878796577454,3216.0498046875,3216.1474609375
0.0048860423266887665,0.09321065992116928,3215.361083984375,3215.459228515625
0.0049170320853590965,0.09269876033067703,3214.72314453125,3214.82080078125
0.004906280431896448,0.0899968296289444,3214.13134765625,3214.226318359375
0.004977216478437185,0.09055815637111664,3213.581298828125,3213.6767578125
0.004842115566134453,0.0902746319770813,3213.067138671875,3213.162353515625
0.0048148431815207005,0.08976723998785019,3212.5859375,3212.680419921875
0.004838265478610992,0.09028627723455429,3212.1337890625,3212.22900390625
0.004836241714656353,0.08876380324363708,3211.70849609375,3211.802001953125
0.004784240387380123,0.08848956227302551,3211.305419921875,3211.398681640625
0.00481968792155385,0.08827570825815201,3210.923583984375,3211.0166015625
0.004815509542822838,0.08878480643033981,3210.5615234375,3210.655029296875
0.00469414284452796,0.08884381502866745,3210.21630859375,3210.309814453125
0.00473418366163969,0.08699870109558105,3209.886962890625,3209.978759765625
0.004685276187956333,0.08862341940402985,3209.572509765625,3209.665771484375
0.0046512046828866005,0.08710089325904846,3209.270751953125,3209.362548828125
0.004659199621528387,0.08660668134689331,3208.98095703125,3209.072265625
0.004692481830716133,0.08696934580802917,3208.701904296875,3208.79345703125
0.004608200863003731,0.08539795130491257,3208.432373046875,3208.5224609375
0.004579584579914808,0.08585705608129501,3208.172119140625,3208.262451171875
0.004568648524582386,0.08469152450561523,3207.919189453125,3208.008544921875
0.004499125760048628,0.08476225286722183,3207.67333984375,3207.7626953125
0.004559197463095188,0.0857614278793335,3207.43408203125,3207.5244140625
0.004483851604163647,0.08475430309772491,3207.200927734375,3207.290283203125
0.004484053701162338,0.0829131081700325,3206.9716796875,3207.05908203125
0.004453218542039394,0.08280642330646515,3206.747314453125,3206.83447265625
0.004531931132078171,0.08440646529197693,3206.527587890625,3206.616455078125
0.004428468644618988,0.08376707881689072,3206.3125,3206.400634765625
0.004403142258524895,0.08173958957195282,3206.100341796875,3206.1865234375
0.004502763040363789,0.0827282965183258,3205.891845703125,3205.97900390625
0.004438201896846294,0.08137119561433792,3205.68603515625,3205.771728515625
0.004402969032526016,0.08109189569950104,3205.483642578125,3205.569091796875
0.004318511579185724,0.08171699941158295,3205.283447265625,3205.369384765625
0.004354630596935749,0.08090169727802277,3205.086181640625,3205.17138671875
0.004291373770684004,0.08046994358301163,3204.8916015625,3204.976318359375
0.004294387996196747,0.08092041313648224,3204.7001953125,3204.785400390625
0.004336842801421881,0.08015665411949158,3204.510986328125,3204.595458984375
0.004252597689628601,0.08003248274326324,3204.3251953125,3204.409423828125
0.00433453731238842,0.07974161207675934,3204.141357421875,3204.225341796875
0.004254402592778206,0.08023986965417862,3203.9609375,3204.04541015625
0.004228654783219099,0.07812630385160446,3203.7822265625,3203.864501953125
0.0041982801631093025,0.07828199118375778,3203.606689453125,3203.689208984375
0.004235152155160904,0.0781993642449379,3203.433349609375,3203.515869140625
0.004214038141071796,0.07873889803886414,3203.263427734375,3203.346435546875
0.004254506900906563,0.07805214077234268,3203.0947265625,3203.177001953125
0.004143324680626392,0.07669331878423691,3202.928955078125,3203.009765625
0.004152226261794567,0.07939286530017853,3202.765380859375,3202.848876953125
0.00415472686290741,0.07802139967679977,3202.6044921875,3202.686767578125
0.004129678010940552,0.07771740108728409,3202.445068359375,3202.52685546875
0.004061582963913679,0.07702451944351196,3202.28857421875,3202.36962890625
0.004099023994058371,0.07790213823318481,3202.133544921875,3202.215576171875
0.0041349781677126884,0.07663606852293015,3201.981689453125,3202.0625
0.004059406463056803,0.07661621272563934,3201.831298828125,3201.911865234375
0.004084952175617218,0.07689671963453293,3201.6826171875,3201.763671875
0.004118102602660656,0.07611500471830368,3201.537109375,3201.617431640625
0.004025211092084646,0.07676047086715698,3201.393310546875,3201.47412109375
0.004012745805084705,0.07455351948738098,3201.252197265625,3201.330810546875
0.004063630010932684,0.0765613541007042,3201.112060546875,3201.192626953125
0.004066267982125282,0.07563887536525726,3200.974609375,3201.05419921875
0.0039894916117191315,0.07543230056762695,3200.8388671875,3200.918212890625
0.004034047480672598,0.0760573074221611,3200.7041015625,3200.7841796875
0.004005701281130314,0.07498030364513397,3200.57275390625,3200.65185546875
0.003990950994193554,0.0733446553349495,3200.44189453125,3200.519287109375
0.004014662466943264,0.07443667203187943,3200.3134765625,3200.391845703125
0.004012152552604675,0.0750388503074646,3200.1865234375,3200.265625
0.004012845456600189,0.07303597033023834,3200.060791015625,3200.137939453125
0.003999647218734026,0.07233898341655731,3199.9375,3200.013916015625
0.003968625329434872,0.07496248930692673,3199.81494140625,3199.893798828125
0.003969778306782246,0.07235920429229736,3199.694580078125,3199.77099609375
0.0039058495312929153,0.07207614928483963,3199.5751953125,3199.651123046875
0.003950823098421097,0.07273691147565842,3199.457763671875,3199.534423828125
0.003969454672187567,0.07224594056606293,3199.34130859375,3199.41748046875
0.003937761299312115,0.07226604968309402,3199.22607421875,3199.30224609375
0.003914281260222197,0.07152950018644333,3199.113037109375,3199.1884765625
0.003943318035453558,0.0718778446316719,3199.00146484375,3199.077392578125
0.003858750220388174,0.0719987154006958,3198.890380859375,3198.96630859375
0.0038683933671563864,0.07280194759368896,3198.781494140625,3198.858154296875
0.0039041254203766584,0.0700802356004715,3198.67333984375,3198.747314453125
0.0038857068866491318,0.07216348499059677,3198.566650390625,3198.642578125
0.0038736476562917233,0.07038723677396774,3198.46142578125,3198.53564453125
0.0038723552133888006,0.07090392708778381,3198.357666015625,3198.432373046875
0.0038474404718726873,0.07130658626556396,3198.254638671875,3198.329833984375
0.0038959633093327284,0.06989879906177521,3198.15283203125,3198.2265625
0.0038706976920366287,0.0708186998963356,3198.052490234375,3198.127197265625
0.003851199522614479,0.07129546999931335,3197.952880859375,3198.028076171875
0.0038393642753362656,0.07204514741897583,3197.8544921875,3197.930419921875
0.0038580293767154217,0.07004329562187195,3197.75732421875,3197.831298828125
0.0038332657422870398,0.07116065919399261,3197.66064453125,3197.735595703125
0.003832274116575718,0.06923747062683105,3197.5654296875,3197.638427734375
0.0038751233369112015,0.06978510320186615,3197.470703125,3197.54443359375
0.003837324446067214,0.06991992890834808,3197.376953125,3197.45068359375
0.0038415896706283092,0.06942376494407654,3197.28466796875,3197.35791015625
0.0038661379367113113,0.06840170919895172,3197.193359375,3197.265625
0.0037827268242836,0.06868414580821991,3197.102294921875,3197.1748046875
0.0038513001054525375,0.0677725300192833,3197.0126953125,3197.084228515625
0.0037825671024620533,0.06721420586109161,3196.923583984375,3196.99462890625
0.003782503306865692,0.06822478771209717,3196.83544921875,3196.907470703125
0.00377329858019948,0.06840592622756958,3196.748046875,3196.8203125
0.00377670768648386,0.06745462864637375,3196.661865234375,3196.733154296875
0.0037326000165194273,0.06693346053361893,3196.57666015625,3196.647216796875
0.003753295633941889,0.06834086775779724,3196.491943359375,3196.56396484375
0.0037643674295395613,0.06808877736330032,3196.408203125,3196.47998046875
0.0036863028071820736,0.06817863136529922,3196.325439453125,3196.397216796875
0.003726066555827856,0.06711821258068085,3196.243408203125,3196.314208984375
0.0037047131918370724,0.06680826097726822,3196.161865234375,3196.232421875
0.0036634313873946667,0.06809371709823608,3196.0810546875,3196.15283203125
0.0037118743639439344,0.06836371123790741,3196.00146484375,3196.073486328125
0.0037364396266639233,0.06785871833562851,3195.921875,3195.993408203125
0.003644588403403759,0.06655309349298477,3195.843505859375,3195.913818359375
0.0036906579043716192,0.0670066773891449,3195.765380859375,3195.836181640625
0.0036583589389920235,0.0658772885799408,3195.688720703125,3195.75830078125
0.0036443397402763367,0.06591310352087021,3195.61181640625,3195.681396484375
0.0036393101327121258,0.06516928225755692,3195.536376953125,3195.605224609375
0.0036540504079312086,0.06542814522981644,3195.461181640625,3195.5302734375
0.003633379004895687,0.06769606471061707,3195.386962890625,3195.458251953125
0.003646155819296837,0.06619353592395782,3195.312744140625,3195.382568359375
0.0036288059782236814,0.06535381823778152,3195.2392578125,3195.308349609375
0.0036431336775422096,0.06497283279895782,3195.1669921875,3195.235595703125
0.0036164529155939817,0.06558147072792053,3195.094970703125,3195.1640625
0.0035798395983874798,0.06506708264350891,3195.023193359375,3195.091796875
0.0036323729436844587,0.06472426652908325,3194.952392578125,3195.020751953125
0.0036582695320248604,0.06728944927453995,3194.882568359375,3194.95361328125
0.003607562743127346,0.06523542106151581,3194.812744140625,3194.881591796875
0.003618465503677726,0.06580851972103119,3194.74365234375,3194.81298828125
0.0036269433330744505,0.06697659194469452,3194.67529296875,3194.745849609375
0.0035413492005318403,0.06419125199317932,3194.607177734375,3194.6748046875
0.0035754027776420116,0.06488284468650818,3194.53955078125,3194.60791015625
0.0035827159881591797,0.06614953279495239,3194.47265625,3194.54248046875
0.003558102995157242,0.06297529488801956,3194.40576171875,3194.472412109375
0.0035878228954970837,0.06503437459468842,3194.33935546875,3194.407958984375
0.0035367216914892197,0.06528471410274506,3194.273681640625,3194.342529296875
0.003545412328094244,0.06340459734201431,3194.20849609375,3194.275390625
0.0035306541249156,0.06378056108951569,3194.143310546875,3194.210693359375
0.003511696122586727,0.06243870407342911,3194.078857421875,3194.144775390625
0.003503065323457122,0.06330560147762299,3194.01513671875,3194.08203125
0.003524246159940958,0.06385612487792969,3193.951416015625,3194.018798828125
0.0034988033585250378,0.062239356338977814,3193.888427734375,3193.9541015625
0.0035075489431619644,0.06346951425075531,3193.825439453125,3193.892333984375
0.0034701828844845295,0.061365414410829544,3193.763671875,3193.82861328125
0.0034779361449182034,0.06291850656270981,3193.70166015625,3193.76806640625
0.0034932743292301893,0.06285613030195236,3193.640380859375,3193.706787109375
0.0034987374674528837,0.06201277673244476,3193.57958984375,3193.64501953125
0.0034769107587635517,0.062212176620960236,3193.51904296875,3193.584716796875
0.0034574950113892555,0.06278906762599945,3193.459228515625,3193.525390625
0.003459466155618429,0.062334731221199036,3193.3994140625,3193.465087890625
0.0034763074945658445,0.06174137070775032,3193.340576171875,3193.40576171875
0.0034525699447840452,0.06356459856033325,3193.28173828125,3193.348876953125
0.0033805686980485916,0.061754316091537476,3193.223388671875,3193.28857421875
0.0034134681336581707,0.06124831736087799,3193.165771484375,3193.23046875
0.0034174094907939434,0.061931509524583817,3193.108154296875,3193.173583984375
0.0034164588432759047,0.06124522164463997,3193.051513671875,3193.1162109375
0.003369315294548869,0.06088440492749214,3192.994384765625,3193.05859375
0.0033493018709123135,0.06041951850056648,3192.937744140625,3193.00146484375
0.0033864988945424557,0.06213352084159851,3192.882080078125,3192.947509765625
0.0033869948238134384,0.06127398461103439,3192.82666015625,3192.891357421875
0.003393065184354782,0.06006068363785744,3192.771484375,3192.8349609375
0.0034026000648736954,0.06036057323217392,3192.71630859375,3192.780029296875
0.00335321924649179,0.06108628958463669,3192.661865234375,3192.726318359375
0.0034205883275717497,0.06075082719326019,3192.60791015625,3192.672119140625
0.003378420602530241,0.061135366559028625,3192.55419921875,3192.61865234375
0.0033897149842232466,0.06013304740190506,3192.501220703125,3192.564697265625
0.003342917189002037,0.06124477460980415,3192.4482421875,3192.512939453125
0.0033640104811638594,0.05993350222706795,3192.3955078125,3192.458740234375
0.003424678696319461,0.061111900955438614,3192.343994140625,3192.408447265625
0.003369191661477089,0.06139392405748367,3192.292236328125,3192.35693359375
0.003353006672114134,0.06062738224864006,3192.241455078125,3192.305419921875
0.003347755176946521,0.0603155680000782,3192.190185546875,3192.25390625
0.0033946314360946417,0.06092686206102371,3192.137939453125,3192.2021484375
0.0033756084740161896,0.06094268336892128,3192.085205078125,3192.1494140625
0.0033517617266625166,0.05914376303553581,3192.03173828125,3192.09423828125
0.0033777193166315556,0.060149695724248886,3191.978759765625,3192.042236328125
