ce_loss,style_loss,
1.4222053289413452,0.0032686754129827023,
1.4179410934448242,0.003602793673053384,
1.4017174243927002,0.0037165815010666847,
1.33487868309021,0.003633013227954507,
1.3858752250671387,0.004312522709369659,
1.222665548324585,0.0036851568147540092,
1.1712768077850342,0.00417210441082716,
1.1721442937850952,0.004262336529791355,
1.147162675857544,0.004098177421838045,
1.1315884590148926,0.004073804244399071,
1.1273071765899658,0.0048630512319505215,
1.133810043334961,0.0051595959812402725,
1.1116127967834473,0.005484116263687611,
1.0940024852752686,0.006735282950103283,
1.1445255279541016,0.006561958231031895,
1.0722651481628418,0.008453680202364922,
1.035509705543518,0.007403596770018339,
1.0288525819778442,0.008385015651583672,
1.054043173789978,0.007529024500399828,
1.0388102531433105,0.009474636055529118,
1.0428308248519897,0.00964030809700489,
1.0834932327270508,0.009648465551435947,
1.0165667533874512,0.01138400100171566,
0.9931765794754028,0.011610656976699829,
1.0016593933105469,0.012965601868927479,
0.9968341588973999,0.012740223668515682,
1.012754201889038,0.014425966888666153,
0.9864177703857422,0.014150567352771759,
0.9946726560592651,0.013961315155029297,
0.9928195476531982,0.015382698737084866,
0.9834921360015869,0.015201473608613014,
0.9666420221328735,0.014616022817790508,
0.9961535930633545,0.01550445519387722,
0.9376631379127502,0.016777310520410538,
0.9680589437484741,0.017519455403089523,
0.9592452049255371,0.01799570955336094,
0.9386115074157715,0.020064234733581543,
0.9667428731918335,0.01858270913362503,
0.9053022265434265,0.022662216797471046,
0.8928712010383606,0.02287241816520691,
0.9061452150344849,0.02526429109275341,
0.8751548528671265,0.024750975891947746,
0.8782217502593994,0.02861282415688038,
0.8516233563423157,0.0303223617374897,
0.8396682739257812,0.035707537084817886,
0.8365006446838379,0.029682977125048637,
0.8636869192123413,0.034465208649635315,
0.8295686841011047,0.034768469631671906,
0.812645673751831,0.033648788928985596,
0.7742303013801575,0.04287588223814964,
0.8101029396057129,0.03688579425215721,
0.7558795213699341,0.044590502977371216,
0.7420123815536499,0.04478239640593529,
0.7282615900039673,0.0507604144513607,
0.6982104778289795,0.04992668330669403,
0.6963146924972534,0.05493847653269768,
0.6381632089614868,0.0681501179933548,
0.6518963575363159,0.06250005960464478,
0.6235806941986084,0.07573144137859344,
0.6161925792694092,0.07657275348901749,
0.6149624586105347,0.07753511518239975,
0.615105390548706,0.07239425182342529,
0.6036450862884521,0.07872544229030609,
0.6000620722770691,0.08084695041179657,
0.5995457768440247,0.08095572143793106,
0.5909042358398438,0.08166734874248505,
0.5813470482826233,0.08287186920642853,
0.5857510566711426,0.0811878889799118,
0.5806767344474792,0.08556611090898514,
0.5765989422798157,0.08336465805768967,
0.5721257925033569,0.08208516240119934,
0.5688376426696777,0.08543197810649872,
0.567112922668457,0.08635473996400833,
0.5616185069084167,0.08661554008722305,
0.558961808681488,0.08722012490034103,
0.5628401041030884,0.0871940329670906,
0.5574131011962891,0.08771184086799622,
0.5512485504150391,0.09055463969707489,
0.5547057390213013,0.08881111443042755,
0.5475091934204102,0.08839612454175949,
0.5578591823577881,0.08956439048051834,
0.5430822372436523,0.09142584353685379,
0.536980390548706,0.09321422874927521,
0.5421371459960938,0.09130130708217621,
0.5456583499908447,0.08974079042673111,
0.5285729169845581,0.09134221822023392,
0.5272434949874878,0.09410277009010315,
0.52788245677948,0.09502825140953064,
0.5272494554519653,0.09418411552906036,
0.5222017765045166,0.0953117311000824,
0.522060751914978,0.096555195748806,
0.5170186758041382,0.09633131325244904,
0.5156270265579224,0.09504667669534683,
0.5039576888084412,0.09659706801176071,
0.4990196228027344,0.10059572756290436,
0.504963755607605,0.0993792787194252,
0.5065316557884216,0.09799005091190338,
0.49564969539642334,0.1022997722029686,
0.48760753870010376,0.1051114872097969,
0.4884966313838959,0.1045621931552887,
0.49300092458724976,0.10450149327516556,
0.4968394339084625,0.10317753255367279,
0.4771392345428467,0.10864248126745224,
0.4843849837779999,0.10636164247989655,
0.4836442172527313,0.10936181992292404,
0.47519779205322266,0.10920623689889908,
0.47352975606918335,0.11203207820653915,
0.4681223928928375,0.11231675744056702,
0.47552600502967834,0.11077051609754562,
0.4657316207885742,0.11210428923368454,
0.46072664856910706,0.11397790163755417,
0.457655668258667,0.11472468078136444,
0.46029776334762573,0.11314814537763596,
0.45356327295303345,0.11411674320697784,
0.4467601478099823,0.11445987969636917,
0.4438447654247284,0.11814305186271667,
0.4344434142112732,0.12497424334287643,
0.44160783290863037,0.11878509819507599,
0.4461020827293396,0.12075553834438324,
0.4340517520904541,0.12522150576114655,
0.4149531126022339,0.13385501503944397,
0.41589534282684326,0.1314411163330078,
0.4286186695098877,0.12715961039066315,
0.4134165346622467,0.13420695066452026,
0.4086671769618988,0.13504564762115479,
0.4066031277179718,0.13585641980171204,
0.4113315939903259,0.13545364141464233,
0.40218472480773926,0.1375485062599182,
0.4035506248474121,0.13799329102039337,
0.3994848132133484,0.1380254179239273,
0.3984607458114624,0.13830120861530304,
0.4024447500705719,0.1372694969177246,
0.39839982986450195,0.1393125206232071,
0.4038221538066864,0.13857249915599823,
0.39734017848968506,0.1385047733783722,
0.406596302986145,0.1369195431470871,
0.4006546437740326,0.13908423483371735,
0.394812673330307,0.1389131098985672,
0.39307117462158203,0.13867250084877014,
0.3949456810951233,0.13831567764282227,
0.3970687985420227,0.13769026100635529,
0.3928847312927246,0.13829603791236877,
0.3878418207168579,0.13940322399139404,
0.3924880623817444,0.13948862254619598,
0.389568567276001,0.13938450813293457,
0.3920912444591522,0.13843317329883575,
0.3906189203262329,0.13858619332313538,
0.3901466727256775,0.1386173814535141,
0.38616955280303955,0.13867399096488953,
0.3907814621925354,0.13913077116012573,
0.38421630859375,0.13826878368854523,
0.3873005509376526,0.13849738240242004,
0.3888763189315796,0.13832597434520721,
0.3940574526786804,0.13961637020111084,
0.38993868231773376,0.1384686827659607,
0.38026028871536255,0.1393347531557083,
0.3832857012748718,0.1382751762866974,
0.3813679814338684,0.13827386498451233,
0.3826914429664612,0.1389116495847702,
0.38328248262405396,0.1391030251979828,
0.3835768699645996,0.13848569989204407,
0.3812628388404846,0.1392773687839508,
0.38176214694976807,0.13855686783790588,
0.3823373317718506,0.1395999789237976,
0.3829227089881897,0.1395677775144577,
0.38243281841278076,0.1393129974603653,
0.37878888845443726,0.13885530829429626,
0.37748801708221436,0.1390194594860077,
0.38064736127853394,0.1394607573747635,
0.38288283348083496,0.13943925499916077,
0.3803953528404236,0.13920387625694275,
0.37444233894348145,0.13953398168087006,
0.37739378213882446,0.13935190439224243,
0.37775447964668274,0.1391250640153885,
0.3790407180786133,0.1383962482213974,
0.3776443302631378,0.13964052498340607,
0.37868309020996094,0.13950121402740479,
0.3726009130477905,0.1393350213766098,
0.3747045397758484,0.13948313891887665,
0.3705422282218933,0.1389167308807373,
0.3803538382053375,0.1394094079732895,
0.37621480226516724,0.13908065855503082,
0.38084137439727783,0.1394980400800705,
0.3706532120704651,0.13964052498340607,
0.3715309798717499,0.1395881325006485,
0.3717364966869354,0.13964052498340607,
0.37304890155792236,0.13957375288009644,
0.37256523966789246,0.139535054564476,
0.3721788823604584,0.13940396904945374,
0.37217092514038086,0.1394284963607788,
0.37370288372039795,0.13953500986099243,
0.3708290755748749,0.13963289558887482,
0.3692547082901001,0.13964052498340607,
0.3718619644641876,0.13956579566001892,
0.3703519105911255,0.1394890993833542,
0.37328559160232544,0.13922275602817535,
0.3692608177661896,0.13962699472904205,
0.36579078435897827,0.13962818682193756,
0.36737918853759766,0.13948500156402588,
0.37561535835266113,0.13962800800800323,
0.36781808733940125,0.13959190249443054,
0.3696490228176117,0.13962538540363312,
0.3696311116218567,0.13959231972694397,
0.3717978298664093,0.1395987570285797,
0.3749432861804962,0.13953827321529388,
0.36680543422698975,0.13964052498340607,
0.36745914816856384,0.13964052498340607,
0.3649495542049408,0.13964052498340607,
0.36807143688201904,0.13961069285869598,
0.3701205849647522,0.13964052498340607,
0.36333686113357544,0.13963289558887482,
0.37231820821762085,0.13958266377449036,
0.3692839741706848,0.1394670158624649,
0.36161693930625916,0.13963273167610168,
0.36609315872192383,0.13945667445659637,
0.36564183235168457,0.13964052498340607,
0.36668860912323,0.1394854187965393,
0.36451035737991333,0.1391863375902176,
0.366066038608551,0.13964052498340607,
0.3645738363265991,0.13923054933547974,
0.36065542697906494,0.1395477056503296,
0.35941410064697266,0.1396293044090271,
0.3639296591281891,0.13964052498340607,
0.36181381344795227,0.1396375298500061,
0.3627501130104065,0.13964052498340607,
0.3609027862548828,0.1395714432001114,
0.3627944588661194,0.13963750004768372,
0.3610948622226715,0.13964052498340607,
0.36810487508773804,0.13964052498340607,
0.359549880027771,0.13964052498340607,
0.3660407066345215,0.13964052498340607,
0.36097556352615356,0.13951152563095093,
0.3621053695678711,0.13963764905929565,
0.3644675314426422,0.13964052498340607,
0.36156320571899414,0.13964052498340607,
0.3609800338745117,0.13964052498340607,
0.3596801161766052,0.1396329551935196,
0.3613837957382202,0.13964052498340607,
0.3623860478401184,0.13964052498340607,
0.36032426357269287,0.13953767716884613,
0.3630695939064026,0.13960888981819153,
0.3597753047943115,0.13949789106845856,
0.3615209460258484,0.13957904279232025,
0.3633902370929718,0.13957767188549042,
0.35537347197532654,0.13964052498340607,
0.36037564277648926,0.13964052498340607,
0.3587144613265991,0.1395961195230484,
0.3620421588420868,0.13963764905929565,
0.3557882010936737,0.1396298110485077,
0.3622720241546631,0.13963766396045685,
0.35773909091949463,0.13960279524326324,
0.3624308109283447,0.13964052498340607,
0.3574884533882141,0.13964052498340607,
0.3598647713661194,0.13964052498340607,
0.3576907515525818,0.13963355123996735,
0.3527389168739319,0.13964052498340607,
0.35704928636550903,0.1396082192659378,
0.3617076873779297,0.13964052498340607,
0.35726243257522583,0.13964052498340607,
0.3586023449897766,0.1396329402923584,
0.356751412153244,0.13964052498340607,
0.3547833561897278,0.13964052498340607,
0.35787418484687805,0.13964052498340607,
0.35615843534469604,0.1395951211452484,
0.35530775785446167,0.13964052498340607,
0.3528185784816742,0.13964052498340607,
0.3530571460723877,0.13964052498340607,
0.3540595769882202,0.13964052498340607,
0.3548026382923126,0.13963757455348969,
0.3533211648464203,0.13964052498340607,
0.3532729744911194,0.13964052498340607,
0.3576887249946594,0.13964052498340607,
0.357002854347229,0.13964052498340607,
0.35508620738983154,0.13963739573955536,
0.35669583082199097,0.13964052498340607,
0.35681667923927307,0.13963289558887482,
0.3527090549468994,0.13958849012851715,
0.3537990152835846,0.13964052498340607,
0.3576011061668396,0.13964052498340607,
0.35195547342300415,0.13964052498340607,
0.3572523891925812,0.13964052498340607,
0.35514605045318604,0.13964052498340607,
0.3528469204902649,0.13964052498340607,
0.35193878412246704,0.13964052498340607,
0.35368624329566956,0.13964052498340607,
0.3557053804397583,0.13964052498340607,
0.35294345021247864,0.13964052498340607,
0.3542816638946533,0.13964052498340607,
0.35515734553337097,0.13964052498340607,
0.3535194993019104,0.13964052498340607,
0.34941062331199646,0.13964052498340607,
0.3536958694458008,0.13964052498340607,
0.352404922246933,0.13964052498340607,
0.3519527316093445,0.13964052498340607,
0.35196489095687866,0.13964052498340607,
0.35080644488334656,0.13964052498340607,
0.35185864567756653,0.13964052498340607,
0.3561725914478302,0.1396225541830063,
0.353499174118042,0.13964052498340607,
0.35049816966056824,0.13964052498340607,
0.3511475920677185,0.13964052498340607,
0.3504817485809326,0.13964052498340607,
0.34983837604522705,0.13964052498340607,
0.35446467995643616,0.13964052498340607,
0.3482595980167389,0.13964052498340607,
0.3484085202217102,0.13964052498340607,
0.351243793964386,0.13964052498340607,
0.3518795073032379,0.13964052498340607,
0.34927845001220703,0.13964052498340607,
0.3482883870601654,0.13964052498340607,
0.3516676425933838,0.13964052498340607,
0.35156017541885376,0.13964052498340607,
0.35266342759132385,0.13964052498340607,
0.3490905165672302,0.13964052498340607,
0.347380667924881,0.13964052498340607,
0.34634703397750854,0.13964052498340607,
0.35126185417175293,0.13964052498340607,
0.3505052924156189,0.13964052498340607,
0.3476060926914215,0.13964052498340607,
0.35067272186279297,0.13964052498340607,
0.3520609140396118,0.13963770866394043,
0.34719136357307434,0.13964052498340607,
0.34144356846809387,0.13964052498340607,
0.34610599279403687,0.13964052498340607,
0.34664466977119446,0.13964052498340607,
0.34886854887008667,0.13964052498340607,
0.34583771228790283,0.13964052498340607,
0.35159626603126526,0.13964052498340607,
0.34894585609436035,0.13964052498340607,
0.3495868444442749,0.13964052498340607,
0.3486613631248474,0.13964052498340607,
0.3457472324371338,0.13964052498340607,
0.34649670124053955,0.13964052498340607,
0.34650713205337524,0.13964052498340607,
0.3460451364517212,0.13964052498340607,
0.34675151109695435,0.13964052498340607,
0.34976890683174133,0.13964052498340607,
0.35141417384147644,0.13964052498340607,
0.3428749740123749,0.13964052498340607,
0.3437165915966034,0.13964052498340607,
0.3509994149208069,0.13964052498340607,
0.34638020396232605,0.13964052498340607,
0.34048405289649963,0.13964052498340607,
0.3440607786178589,0.13964052498340607,
0.3421001434326172,0.13964052498340607,
0.3482891321182251,0.13964052498340607,
0.3453156054019928,0.13964052498340607,
0.34855276346206665,0.13964052498340607,
0.3429780602455139,0.13964052498340607,
0.34412676095962524,0.13964052498340607,

