ce_loss,style_loss,
1.3281288146972656,0.0010585130658000708,
1.2097294330596924,0.0010009723482653499,
1.1646660566329956,0.0012469070497900248,
1.1035152673721313,0.0014036219799891114,
1.052287220954895,0.0018722882959991693,
1.0067428350448608,0.0019341274164617062,
0.9902691841125488,0.0028919423930346966,
0.9552006125450134,0.0030938591808080673,
0.9269702434539795,0.0033500976860523224,
0.9061225056648254,0.003557039424777031,
0.8941680192947388,0.003967281896620989,
0.8837074041366577,0.0049804686568677425,
0.8862549066543579,0.005686372984200716,
0.8490196466445923,0.005657872185111046,
0.838620662689209,0.005468075629323721,
0.8206151723861694,0.006078558973968029,
0.824135959148407,0.006120648235082626,
0.8008652925491333,0.006038709077984095,
0.8164413571357727,0.007101117633283138,
0.7959049940109253,0.007483065593987703,
0.8340837359428406,0.007213349919766188,
0.7827118039131165,0.007814728654921055,
0.7768732309341431,0.009099336341023445,
0.7649749517440796,0.008139544166624546,
0.7538307905197144,0.00994898658245802,
0.7311513423919678,0.009364797733724117,
0.7383735179901123,0.010457749478518963,
0.7305985689163208,0.01124988216906786,
0.70749831199646,0.013075854629278183,
0.6976228952407837,0.012969997711479664,
0.6804832220077515,0.013947072438895702,
0.6521414518356323,0.01682048663496971,
0.6609807014465332,0.01769849844276905,
0.6099715232849121,0.020125657320022583,
0.5943231582641602,0.021565238013863564,
0.5822515487670898,0.02433042973279953,
0.5607427954673767,0.02452155575156212,
0.5655521154403687,0.02715975232422352,
0.553178071975708,0.029728850349783897,
0.5485578775405884,0.03242063149809837,
0.5392654538154602,0.03653170168399811,
0.5267330408096313,0.03803810477256775,
0.5165785551071167,0.03918370231986046,
0.5124539136886597,0.03911402449011803,
0.5037368535995483,0.04013898968696594,
0.4975108802318573,0.040726978331804276,
0.5021141767501831,0.04247187077999115,
0.4941751956939697,0.04402391240000725,
0.4956982731819153,0.04468506574630737,
0.4854927659034729,0.044319313019514084,
0.48417431116104126,0.046574100852012634,
0.48085811734199524,0.04789292812347412,
0.4782029092311859,0.04918220266699791,
0.4706761837005615,0.049679551273584366,
0.4741232395172119,0.05030786246061325,
0.4751517176628113,0.05130135267972946,
0.46334362030029297,0.05065770447254181,
0.46447551250457764,0.05227397754788399,
0.46386611461639404,0.052554722875356674,
0.4498872756958008,0.052346449345350266,
0.45273905992507935,0.05216415971517563,
0.4482450485229492,0.05351543053984642,
0.4482487440109253,0.054781410843133926,
0.44600823521614075,0.05357583239674568,
0.44859620928764343,0.05384146422147751,
0.4422150254249573,0.054915349930524826,
0.43551963567733765,0.05320001766085625,
0.43805378675460815,0.05421782284975052,
0.43033385276794434,0.05491291359066963,
0.43098342418670654,0.05504341796040535,
0.4233444333076477,0.05597107857465744,
0.4241078495979309,0.05530594661831856,
0.42427170276641846,0.05526863783597946,
0.4245763421058655,0.05616738647222519,
0.42052894830703735,0.055749669671058655,
0.41667455434799194,0.05679931864142418,
0.41642099618911743,0.05663323402404785,
0.41862738132476807,0.05678873881697655,
0.41460978984832764,0.057093940675258636,
0.40992119908332825,0.05689578875899315,
0.40824538469314575,0.05784279480576515,
0.410089373588562,0.05835450068116188,
0.40504977107048035,0.05804583430290222,
0.40508484840393066,0.05855575576424599,
0.4056614637374878,0.05956929177045822,
0.4003935754299164,0.05947686359286308,
0.4044077396392822,0.05935132876038551,
0.39653280377388,0.05904453620314598,
0.39199894666671753,0.05986037105321884,
0.3923589587211609,0.06032883748412132,
0.39008599519729614,0.06031450629234314,
0.38691556453704834,0.06084294617176056,
0.3880798816680908,0.060629237443208694,
0.3817073702812195,0.06071710214018822,
0.38167768716812134,0.062014222145080566,
0.3790578544139862,0.06168759614229202,
0.37361258268356323,0.061717551201581955,
0.37286657094955444,0.06351923942565918,
0.37368282675743103,0.06334791332483292,
0.37088823318481445,0.06434158980846405,
0.36599981784820557,0.06532763689756393,
0.3691284656524658,0.06501048803329468,
0.3654969334602356,0.06573522835969925,
0.3584749102592468,0.06666560471057892,
0.3506302833557129,0.06869151443243027,
0.3482164442539215,0.06856509298086166,
0.3441019654273987,0.07008472830057144,
0.3377041518688202,0.07171174138784409,
0.3343011736869812,0.07372750341892242,
0.3360024690628052,0.07381267845630646,
0.3313024640083313,0.07473796606063843,
0.32608118653297424,0.07575590908527374,
0.32911911606788635,0.07525382190942764,
0.32106825709342957,0.07692273706197739,
0.326375275850296,0.07631822675466537,
0.3268756866455078,0.07668690383434296,
0.32125383615493774,0.07732662558555603,
0.3203352093696594,0.07652337104082108,
0.32524797320365906,0.07627161592245102,
0.3207356333732605,0.07785952836275101,
0.3230993151664734,0.07715677469968796,
0.31915751099586487,0.07795333862304688,
0.31781208515167236,0.07813962548971176,
0.3130846321582794,0.07831034809350967,
0.31591325998306274,0.07839206606149673,
0.3060390055179596,0.07909616827964783,
0.31101053953170776,0.07879499346017838,
0.3007993996143341,0.07982595264911652,
0.30227649211883545,0.07911911606788635,
0.3019601106643677,0.07951340824365616,
0.2982286214828491,0.07989400625228882,
0.3003573417663574,0.07943662256002426,
0.29816800355911255,0.08106503635644913,
0.2936874330043793,0.0811174064874649,
0.29626399278640747,0.08092836290597916,
0.2921513319015503,0.0811174064874649,
0.2935231029987335,0.08110050857067108,
0.28976377844810486,0.0811125785112381,
0.28840169310569763,0.0811137780547142,
0.2880280017852783,0.0811174064874649,
0.28657299280166626,0.0811174064874649,
0.2871963679790497,0.08109821379184723,
0.2867954969406128,0.08111647516489029,
0.28615716099739075,0.0811174064874649,
0.2857131361961365,0.0811174064874649,
0.2814309298992157,0.0811174064874649,
0.2848307490348816,0.08108361810445786,
0.2825643718242645,0.08109360933303833,
0.2845168113708496,0.0811174064874649,
0.2825065851211548,0.08111664652824402,
0.2825131416320801,0.0811174064874649,
0.2806742787361145,0.08108917623758316,
0.2818470597267151,0.0811174064874649,
0.28415441513061523,0.08109265565872192,
0.2819395065307617,0.0811174064874649,
0.28114914894104004,0.08111046254634857,
0.2840706706047058,0.0811174064874649,
0.2813091576099396,0.0811174064874649,
0.2821784019470215,0.0811174064874649,
0.2820112705230713,0.0811174064874649,
0.28181028366088867,0.0811174064874649,
0.2794075608253479,0.0811174064874649,
0.27835148572921753,0.0811174064874649,
0.28040435910224915,0.0811174064874649,
0.27825987339019775,0.0811174064874649,
0.27703431248664856,0.0811174064874649,
0.2799568176269531,0.0811174064874649,
0.2772698700428009,0.0811174064874649,
0.27763259410858154,0.0811174064874649,
0.27546432614326477,0.0811174064874649,
0.2778240442276001,0.0811174064874649,
0.27651864290237427,0.0811174064874649,
0.2763524055480957,0.0811174064874649,
0.27628976106643677,0.0811174064874649,
0.27456778287887573,0.0811174064874649,
0.27691322565078735,0.08110146224498749,
0.2748510241508484,0.0811174064874649,
0.2744312882423401,0.0811174064874649,
0.27621084451675415,0.0811174064874649,
0.27419963479042053,0.0811174064874649,
0.2764781415462494,0.0811174064874649,
0.27311867475509644,0.08109482377767563,
0.27388471364974976,0.0811174064874649,
0.27398911118507385,0.0811174064874649,
0.2752070724964142,0.0811174064874649,
0.27531328797340393,0.0811174064874649,
0.2722657322883606,0.0811174064874649,
0.27234840393066406,0.0811174064874649,
0.2725106477737427,0.0811174064874649,
0.27205944061279297,0.0811174064874649,
0.27225786447525024,0.0811174064874649,
0.2721375823020935,0.0811174064874649,
0.27161121368408203,0.0811174064874649,
0.27332475781440735,0.0811174064874649,
0.2703346014022827,0.0811174064874649,
0.27216941118240356,0.0811174064874649,
0.2723213732242584,0.0811174064874649,
0.27265140414237976,0.0811174064874649,
0.2698173522949219,0.0811174064874649,
0.2708447575569153,0.0811174064874649,
0.27132371068000793,0.0811174064874649,
0.2717251479625702,0.0811174064874649,
0.26779407262802124,0.0811174064874649,
0.27233052253723145,0.0811174064874649,
0.2699145972728729,0.0811174064874649,
0.2704966068267822,0.0811174064874649,
0.26906952261924744,0.0811174064874649,
0.2691193222999573,0.0811174064874649,
0.2686142027378082,0.0811174064874649,
0.2699441909790039,0.0811174064874649,
0.2687169909477234,0.0811174064874649,
0.2689048945903778,0.0811174064874649,
0.26819103956222534,0.0811174064874649,
0.26785022020339966,0.0811174064874649,
0.26807087659835815,0.0811174064874649,
0.2665782868862152,0.0811174064874649,
0.267585813999176,0.0811174064874649,
0.26529330015182495,0.0811174064874649,
0.26651471853256226,0.0811174064874649,
0.26890817284584045,0.0811174064874649,
0.2642879784107208,0.0811174064874649,
0.2677566409111023,0.0811174064874649,
0.2664799392223358,0.0811174064874649,
0.2664615511894226,0.0811174064874649,
0.2644856870174408,0.0811174064874649,
0.26508408784866333,0.0811174064874649,
0.2658550441265106,0.0811174064874649,
0.26573699712753296,0.0811174064874649,
0.2652623653411865,0.0811174064874649,
0.2667119801044464,0.0811174064874649,
0.26511168479919434,0.0811174064874649,
0.26518404483795166,0.0811174064874649,
0.2655009925365448,0.0811174064874649,
0.2659667134284973,0.0811174064874649,
0.26486051082611084,0.0811174064874649,
0.264437735080719,0.0811174064874649,
0.26379257440567017,0.0811174064874649,
0.2658916711807251,0.0811174064874649,
0.2653120160102844,0.0811174064874649,
0.2634115219116211,0.0811174064874649,
0.2661401033401489,0.0811174064874649,
0.2646802067756653,0.0811174064874649,
0.2635613977909088,0.0811174064874649,
0.26232248544692993,0.0811174064874649,
0.2630734145641327,0.0811174064874649,
0.2622521221637726,0.0811174064874649,
0.26330554485321045,0.0811174064874649,
0.26283538341522217,0.0811174064874649,
0.26172006130218506,0.0811174064874649,
0.2638099193572998,0.0811174064874649,
0.2609541714191437,0.0811174064874649,
0.2620382010936737,0.0811174064874649,
0.26061752438545227,0.0811174064874649,
0.26109445095062256,0.0811174064874649,
0.26272720098495483,0.0811174064874649,
0.2603382170200348,0.0811174064874649,
0.26343533396720886,0.0811174064874649,
0.2626836895942688,0.0811174064874649,
0.2608175277709961,0.0811174064874649,
0.2610078454017639,0.0811174064874649,
0.2600868344306946,0.0811174064874649,
0.2608254551887512,0.0811174064874649,
0.26044797897338867,0.0811174064874649,
0.2603924870491028,0.0811174064874649,
0.26038050651550293,0.0811174064874649,
0.26002243161201477,0.0811174064874649,
0.263342946767807,0.0811174064874649,
0.25993266701698303,0.0811174064874649,
0.25879406929016113,0.0811174064874649,
0.2620585858821869,0.0811174064874649,
0.2581747770309448,0.0811174064874649,
0.2609396278858185,0.0811174064874649,
0.26115742325782776,0.0811174064874649,
0.2590818405151367,0.0811174064874649,
0.25957155227661133,0.0811174064874649,
0.25943484902381897,0.0811174064874649,
0.2585972547531128,0.0811174064874649,
0.25741395354270935,0.0811174064874649,
0.25835567712783813,0.0811174064874649,
0.2607533931732178,0.0811174064874649,
0.25983095169067383,0.0811174064874649,
0.26037362217903137,0.0811174064874649,
0.2571426033973694,0.0811174064874649,
0.25772616267204285,0.0811174064874649,
0.2578766942024231,0.0811174064874649,
0.25935304164886475,0.0811174064874649,
0.25965288281440735,0.0811174064874649,
0.2572178244590759,0.0811174064874649,
0.2573445439338684,0.0811174064874649,
0.25741010904312134,0.0811174064874649,
0.25750163197517395,0.0811174064874649,
0.25672972202301025,0.0811174064874649,
0.2577616572380066,0.0811174064874649,
0.25814899802207947,0.0811174064874649,
0.2575366497039795,0.0811174064874649,
0.25803232192993164,0.0811174064874649,
0.2564457952976227,0.0811174064874649,
0.25648361444473267,0.0811174064874649,
0.25537145137786865,0.0811174064874649,
0.2566503882408142,0.0811174064874649,
0.25543510913848877,0.0811174064874649,
0.2525193691253662,0.0811174064874649,
0.2527921497821808,0.0811174064874649,
0.2547486126422882,0.0811174064874649,
0.25706350803375244,0.0811174064874649,
0.25610584020614624,0.0811174064874649,
0.2549891471862793,0.0811174064874649,
0.25362101197242737,0.0811174064874649,
0.2539193034172058,0.0811174064874649,
0.2531384825706482,0.0811174064874649,
0.2545143961906433,0.0811174064874649,
0.2530782222747803,0.0811174064874649,
0.2532857060432434,0.0811174064874649,
0.2534360885620117,0.0811174064874649,
0.2525971829891205,0.0811174064874649,
0.25422346591949463,0.0811174064874649,
0.250101238489151,0.0811174064874649,
0.25344258546829224,0.0811174064874649,
0.2536317706108093,0.0811174064874649,
0.2539410889148712,0.0811174064874649,
0.25333207845687866,0.0811174064874649,
0.25404298305511475,0.0811174064874649,
0.25220534205436707,0.0811174064874649,
0.25417476892471313,0.0811174064874649,
0.2542169690132141,0.0811174064874649,
0.2544882297515869,0.0811174064874649,
0.25194647908210754,0.0811174064874649,
0.25431716442108154,0.0811174064874649,
0.2516050934791565,0.0811174064874649,
0.2541320323944092,0.0811174064874649,
0.25423842668533325,0.0811174064874649,
0.25324010848999023,0.0811174064874649,
0.25439420342445374,0.0811174064874649,
0.2521744966506958,0.0811174064874649,
0.2527478337287903,0.0811174064874649,
0.2539113163948059,0.0811174064874649,
0.2527068853378296,0.0811174064874649,
0.2495313584804535,0.0811174064874649,
0.25082844495773315,0.0811174064874649,
0.2504742741584778,0.0811174064874649,
0.25218021869659424,0.0811174064874649,
0.2511044442653656,0.0811174064874649,
0.25094830989837646,0.0811174064874649,
0.2516733407974243,0.0811174064874649,
0.25158506631851196,0.0811174064874649,
0.2523632049560547,0.0811174064874649,
0.25115734338760376,0.0811174064874649,
0.24964123964309692,0.0811174064874649,
0.24937063455581665,0.0811174064874649,
0.25107693672180176,0.0811174064874649,

